time[d]	beta1		beta2		beta3		beta4		beta5		beta6		ngt[s^-1]	fuel_temp_coeff[pcm/dK]	mod_temp_coeff[pcm/dK]
0.0	2.0645e-04	1.0957e-03	1.0878e-03	3.0257e-03	8.7818e-04	3.2308e-04	4.6446e-04	-5.4172		-2.3857
0.0208	2.1181e-04	1.0989e-03	1.0792e-03	3.0241e-03	8.7676e-04	3.1759e-04	4.6195e-04	-5.388		-2.1505
0.0416	2.1448e-04	1.0998e-03	1.0727e-03	3.0255e-03	8.7633e-04	3.1352e-04	4.6029e-04	-5.3209		-2.0044
1.0	2.1512e-04	1.0988e-03	1.0682e-03	3.0286e-03	8.7659e-04	3.1071e-04	4.5930e-04	-5.2355		-1.9297
3.0	2.1439e-04	1.0966e-03	1.0655e-03	3.0322e-03	8.7727e-04	3.0899e-04	4.5883e-04	-5.1514		-1.9088
7.0	2.1298e-04	1.0937e-03	1.0644e-03	3.0350e-03	8.7805e-04	3.0820e-04	4.5872e-04	-5.0883		-1.9242
14.0	2.1388e-04	1.0875e-03	1.0685e-03	3.0286e-03	8.7623e-04	3.0803e-04	4.5899e-04	-5.2136		-1.9246
21.0	2.1212e-04	1.0888e-03	1.0662e-03	3.0252e-03	8.7844e-04	3.0991e-04	4.5878e-04	-5.1363		-1.9738
28.0	2.1311e-04	1.0907e-03	1.0647e-03	3.0211e-03	8.7849e-04	3.1111e-04	4.5848e-04	-5.2242		-1.972
35.0	2.1338e-04	1.0895e-03	1.0735e-03	3.0166e-03	8.7556e-04	3.1118e-04	4.5830e-04	-5.2708		-1.9374
42.0	2.1239e-04	1.0925e-03	1.0740e-03	3.0100e-03	8.7652e-04	3.1111e-04	4.5834e-04	-5.3826		-1.9618
49.0	2.1406e-04	1.0935e-03	1.0742e-03	3.0067e-03	8.7438e-04	3.0949e-04	4.5844e-04	-5.4032		-2.0311
56.0	2.1277e-04	1.0979e-03	1.0748e-03	3.0128e-03	8.7474e-04	3.0759e-04	4.5861e-04	-5.4232		-2.0191
63.0	2.1247e-04	1.0943e-03	1.0792e-03	3.0207e-03	8.7373e-04	3.0781e-04	4.5870e-04	-5.4349		-1.9652
70.0	2.1202e-04	1.0951e-03	1.0758e-03	3.0291e-03	8.7689e-04	3.0734e-04	4.5890e-04	-5.4507		-1.9724
77.0	2.1362e-04	1.0926e-03	1.0735e-03	3.0251e-03	8.7825e-04	3.0497e-04	4.5905e-04	-5.5017		-1.959
84.0	2.1435e-04	1.0934e-03	1.0729e-03	3.0191e-03	8.8015e-04	3.0431e-04	4.5910e-04	-5.6537		-2.0398
91.0	2.1448e-04	1.0932e-03	1.0709e-03	3.0198e-03	8.7866e-04	3.0787e-04	4.5893e-04	-5.5424		-2.0812
98.0	2.1307e-04	1.0909e-03	1.0712e-03	3.0113e-03	8.7646e-04	3.0938e-04	4.5889e-04	-5.5203		-2.0819
105.0	2.1165e-04	1.0900e-03	1.0750e-03	3.0149e-03	8.7162e-04	3.1202e-04	4.5882e-04	-5.4642		-1.9517
112.0	2.1031e-04	1.0838e-03	1.0748e-03	3.0118e-03	8.7279e-04	3.1393e-04	4.5897e-04	-5.4559		-1.9983
119.0	2.0906e-04	1.0841e-03	1.0743e-03	3.0255e-03	8.7649e-04	3.1394e-04	4.5903e-04	-5.435		-2.0277
126.0	2.0705e-04	1.0836e-03	1.0754e-03	3.0290e-03	8.7899e-04	3.1329e-04	4.5890e-04	-5.2966		-1.8962
133.0	2.1060e-04	1.0826e-03	1.0743e-03	3.0338e-03	8.7822e-04	3.1606e-04	4.5883e-04	-5.1951		-1.8347
140.0	2.1319e-04	1.0848e-03	1.0701e-03	3.0427e-03	8.8122e-04	3.1540e-04	4.5920e-04	-5.1628		-1.8489
147.0	2.1626e-04	1.0876e-03	1.0683e-03	3.0435e-03	8.8243e-04	3.1351e-04	4.5928e-04	-5.2685		-1.8523
154.0	2.1473e-04	1.0902e-03	1.0657e-03	3.0458e-03	8.8138e-04	3.1116e-04	4.5912e-04	-5.341		-1.8389
161.0	2.1300e-04	1.0903e-03	1.0639e-03	3.0453e-03	8.7972e-04	3.1089e-04	4.5886e-04	-5.3694		-1.8374
191.0	2.1068e-04	1.0914e-03	1.0627e-03	3.0314e-03	8.7471e-04	3.1167e-04	4.5894e-04	-5.4152		-1.7944
221.0	2.1080e-04	1.0949e-03	1.0598e-03	3.0256e-03	8.6979e-04	3.1207e-04	4.5877e-04	-5.4181		-1.7225
251.0	2.0957e-04	1.0906e-03	1.0635e-03	3.0216e-03	8.7417e-04	3.1211e-04	4.5892e-04	-5.4003		-1.7048
281.0	2.0708e-04	1.0903e-03	1.0635e-03	3.0165e-03	8.8056e-04	3.1089e-04	4.5885e-04	-5.4056		-1.7201
311.0	2.0833e-04	1.0900e-03	1.0649e-03	3.0089e-03	8.8269e-04	3.0804e-04	4.5899e-04	-5.3095		-1.7479
341.0	2.1168e-04	1.0955e-03	1.0624e-03	3.0095e-03	8.7974e-04	3.0704e-04	4.5908e-04	-5.2649		-1.8525
371.0	2.1170e-04	1.1005e-03	1.0609e-03	3.0289e-03	8.8155e-04	3.0531e-04	4.5934e-04	-5.2143		-1.9559
401.0	2.1129e-04	1.1008e-03	1.0652e-03	3.0358e-03	8.7938e-04	3.0504e-04	4.5936e-04	-5.2619		-1.9615
431.0	2.0917e-04	1.0972e-03	1.0635e-03	3.0484e-03	8.7903e-04	3.0569e-04	4.5914e-04	-5.3386		-1.889
461.0	2.0716e-04	1.0991e-03	1.0672e-03	3.0511e-03	8.7927e-04	3.0985e-04	4.5910e-04	-5.3541		-1.8966
491.0	2.0759e-04	1.0977e-03	1.0654e-03	3.0504e-03	8.7989e-04	3.1220e-04	4.5914e-04	-5.3595		-1.7913
521.0	2.0992e-04	1.0983e-03	1.0647e-03	3.0522e-03	8.8104e-04	3.1467e-04	4.5908e-04	-5.3385		-1.8199
551.0	2.0963e-04	1.0934e-03	1.0663e-03	3.0515e-03	8.8352e-04	3.1579e-04	4.5916e-04	-5.284		-1.7583
581.0	2.0891e-04	1.0910e-03	1.0668e-03	3.0448e-03	8.8931e-04	3.1720e-04	4.5916e-04	-5.3027		-1.8045
611.0	2.1037e-04	1.0866e-03	1.0653e-03	3.0473e-03	8.8914e-04	3.1417e-04	4.5936e-04	-5.3148		-1.9207
641.0	2.1321e-04	1.0864e-03	1.0593e-03	3.0442e-03	8.8416e-04	3.1005e-04	4.5921e-04	-5.2681		-1.9983
671.0	2.1361e-04	1.0886e-03	1.0580e-03	3.0443e-03	8.8547e-04	3.1026e-04	4.5916e-04	-5.3206		-2.0347
701.0	2.1112e-04	1.0850e-03	1.0619e-03	3.0227e-03	8.8193e-04	3.0870e-04	4.5915e-04	-5.3321		-1.9823
731.0	2.1084e-04	1.0864e-03	1.0613e-03	3.0223e-03	8.7967e-04	3.1037e-04	4.5908e-04	-5.4999		-2.0296
761.0	2.0920e-04	1.0898e-03	1.0650e-03	3.0113e-03	8.7640e-04	3.1359e-04	4.5903e-04	-5.5283		-2.0527
791.0	2.0940e-04	1.0934e-03	1.0623e-03	3.0044e-03	8.7816e-04	3.1835e-04	4.5906e-04	-5.4189		-1.9455
821.0	2.0931e-04	1.1026e-03	1.0644e-03	3.0013e-03	8.7494e-04	3.2023e-04	4.5913e-04	-5.4544		-2.0157
851.0	2.0827e-04	1.1065e-03	1.0686e-03	3.0108e-03	8.7537e-04	3.2043e-04	4.5940e-04	-5.4417		-1.9453
881.0	2.0823e-04	1.1104e-03	1.0653e-03	3.0242e-03	8.7763e-04	3.2083e-04	4.5944e-04	-5.4761		-2.005
911.0	2.0851e-04	1.1070e-03	1.0626e-03	3.0344e-03	8.7849e-04	3.1833e-04	4.5944e-04	-5.4892		-2.0311
941.0	2.1174e-04	1.1058e-03	1.0579e-03	3.0373e-03	8.7933e-04	3.1700e-04	4.5936e-04	-5.5589		-1.9544
971.0	2.1195e-04	1.1012e-03	1.0589e-03	3.0357e-03	8.8327e-04	3.1557e-04	4.5942e-04	-5.6615		-1.9137
1001.0	2.1202e-04	1.0885e-03	1.0598e-03	3.0316e-03	8.8172e-04	3.1176e-04	4.5963e-04	-5.6477		-1.8567
1031.0	2.1230e-04	1.0859e-03	1.0621e-03	3.0320e-03	8.8459e-04	3.1225e-04	4.5969e-04	-5.698		-1.9273
1061.0	2.1243e-04	1.0823e-03	1.0593e-03	3.0274e-03	8.8642e-04	3.1395e-04	4.5952e-04	-5.6381		-1.9715
1091.0	2.1071e-04	1.0823e-03	1.0586e-03	3.0253e-03	8.8712e-04	3.1646e-04	4.5933e-04	-5.4574		-1.9629
1121.0	2.0974e-04	1.0816e-03	1.0639e-03	3.0319e-03	8.8896e-04	3.1362e-04	4.5926e-04	-5.3924		-1.9729
1151.0	2.0998e-04	1.0843e-03	1.0666e-03	3.0394e-03	8.8686e-04	3.1143e-04	4.5920e-04	-5.303		-1.9038
1181.0	2.0771e-04	1.0865e-03	1.0588e-03	3.0349e-03	8.8357e-04	3.0856e-04	4.5898e-04	-5.1777		-1.9689
1211.0	2.0880e-04	1.0929e-03	1.0568e-03	3.0256e-03	8.8100e-04	3.0675e-04	4.5884e-04	-5.2531		-1.8555
1241.0	2.0897e-04	1.0992e-03	1.0560e-03	3.0168e-03	8.7479e-04	3.0652e-04	4.5878e-04	-5.3601		-1.8228
1271.0	2.0918e-04	1.0984e-03	1.0596e-03	3.0241e-03	8.6986e-04	3.0643e-04	4.5896e-04	-5.347		-1.8176
1301.0	2.1099e-04	1.0962e-03	1.0589e-03	3.0303e-03	8.6800e-04	3.0580e-04	4.5905e-04	-5.3119		-1.8188
1331.0	2.1305e-04	1.1010e-03	1.0643e-03	3.0323e-03	8.6758e-04	3.0942e-04	4.5913e-04	-5.2008		-1.9119
1361.0	2.1501e-04	1.0998e-03	1.0651e-03	3.0416e-03	8.6846e-04	3.1247e-04	4.5901e-04	-5.1137		-2.0388
1391.0	2.1621e-04	1.0963e-03	1.0650e-03	3.0471e-03	8.7127e-04	3.1510e-04	4.5884e-04	-5.0843		-2.1554
1421.0	2.1611e-04	1.0905e-03	1.0640e-03	3.0453e-03	8.7636e-04	3.1671e-04	4.5865e-04	-5.1511		-2.2348
1451.0	2.1420e-04	1.0821e-03	1.0618e-03	3.0326e-03	8.8407e-04	3.1671e-04	4.5845e-04	-5.3521		-2.2504
1481.0	2.0996e-04	1.0710e-03	1.0586e-03	3.0057e-03	8.9473e-04	3.1450e-04	4.5828e-04	-5.7258		-2.1756
