time[d]	beta1		beta2		beta3		beta4		beta5		beta6		ngt[s^-1]	fuel_temp_coeff[pcm/dK]	mod_temp_coeff[pcm/dK]
0.0	1.9864e-04	1.0571e-03	1.0492e-03	3.0035e-03	7.9447e-04	2.5780e-04	7.2320e-04	-6.1485		-2.1402
0.0208	2.2525e-04	1.1025e-03	1.0330e-03	3.0867e-03	8.7969e-04	2.8709e-04	7.1776e-04	-9.3576		-5.6396
0.0416	2.3438e-04	1.1268e-03	1.0893e-03	3.0537e-03	8.5111e-04	3.7625e-04	7.2046e-04	-7.5809		-5.6022
1.0	2.3735e-04	1.1161e-03	9.5861e-04	2.9820e-03	9.0884e-04	2.9536e-04	7.1829e-04	-7.6497		-3.9811
3.0	2.2035e-04	1.1667e-03	9.8081e-04	3.1486e-03	8.9807e-04	2.8322e-04	7.1741e-04	-7.6304		-2.7379
7.0	2.1581e-04	1.0364e-03	1.0150e-03	2.8640e-03	9.4839e-04	3.1900e-04	7.0679e-04	-7.4132		-4.3757
14.0	2.4301e-04	9.6981e-04	1.0040e-03	2.9994e-03	9.7540e-04	2.6423e-04	6.8736e-04	-7.6658		-2.9299
21.0	1.7602e-04	9.6971e-04	9.9562e-04	2.6941e-03	8.1063e-04	2.7392e-04	6.7237e-04	-8.4654		-2.6823
28.0	1.7911e-04	1.0890e-03	9.2651e-04	2.7926e-03	8.7760e-04	3.1988e-04	6.5879e-04	-7.4472		-4.9524
35.0	1.7070e-04	1.0533e-03	9.0974e-04	2.7877e-03	6.9413e-04	3.0975e-04	6.3965e-04	-6.9561		-1.5777
42.0	1.7364e-04	1.1340e-03	9.9263e-04	2.6601e-03	7.6718e-04	2.4918e-04	6.2928e-04	-7.9463		-3.2086
49.0	1.8447e-04	1.0717e-03	1.0267e-03	2.7052e-03	9.1652e-04	3.3152e-04	6.1746e-04	-7.3225		-1.6137
56.0	1.2721e-04	9.8264e-04	8.3504e-04	2.5755e-03	8.0320e-04	2.7331e-04	6.1046e-04	-6.1367		-1.4609
63.0	2.1431e-04	1.0327e-03	9.9142e-04	2.6300e-03	7.8879e-04	2.9570e-04	5.9501e-04	-6.0667		-2.297
70.0	1.5962e-04	9.5861e-04	8.8634e-04	2.5415e-03	7.6387e-04	2.4026e-04	5.8765e-04	-7.6936		0.2004
77.0	1.4582e-04	9.6810e-04	8.9741e-04	2.5882e-03	7.6143e-04	2.4301e-04	5.8058e-04	-7.6785		-1.8185
84.0	1.5287e-04	9.0129e-04	9.8992e-04	2.8095e-03	7.7531e-04	2.3311e-04	5.7118e-04	-7.0288		-2.3441
91.0	1.4691e-04	9.6940e-04	8.4507e-04	2.6483e-03	7.3329e-04	2.9445e-04	5.6696e-04	-6.8574		-2.0804
98.0	1.5828e-04	9.4873e-04	9.5389e-04	2.5238e-03	7.8574e-04	2.9519e-04	5.5825e-04	-5.8147		-1.5029
105.0	1.7629e-04	1.0369e-03	8.9182e-04	2.5114e-03	7.4315e-04	2.1718e-04	5.5601e-04	-7.5946		-1.5155
112.0	1.6023e-04	9.5105e-04	9.1269e-04	2.5581e-03	6.8484e-04	2.0116e-04	5.4604e-04	-7.6083		-2.8191
119.0	2.0772e-04	9.7466e-04	9.7996e-04	2.3551e-03	7.8696e-04	2.3245e-04	5.4057e-04	-5.871		-1.3528
126.0	1.5556e-04	8.6730e-04	7.7552e-04	2.4089e-03	6.8814e-04	2.3222e-04	5.3526e-04	-5.8154		-2.4664
133.0	1.6263e-04	7.9372e-04	8.8801e-04	2.3380e-03	7.0669e-04	2.2584e-04	5.2822e-04	-6.5807		-0.45092
140.0	1.6769e-04	1.0155e-03	8.1789e-04	2.4187e-03	6.7796e-04	2.2895e-04	5.2321e-04	-4.2158		-1.3979
147.0	1.8204e-04	8.9091e-04	8.0987e-04	2.4417e-03	7.1156e-04	1.9812e-04	5.1981e-04	-7.3993		-1.5486
154.0	1.4687e-04	9.3359e-04	8.7039e-04	2.3044e-03	8.0173e-04	2.4276e-04	5.1909e-04	-6.4872		0.12652
161.0	1.5469e-04	9.2481e-04	8.2814e-04	2.3761e-03	7.1197e-04	2.5559e-04	5.1119e-04	-7.4986		-2.6593
191.0	1.6327e-04	1.0036e-03	9.1253e-04	2.0589e-03	7.0597e-04	2.0352e-04	4.9615e-04	-6.2275		-3.1494
221.0	1.2122e-04	8.2644e-04	8.1665e-04	2.1735e-03	7.2670e-04	2.4695e-04	4.8299e-04	-6.2771		-2.6102
251.0	1.5075e-04	9.3898e-04	7.9903e-04	2.2522e-03	7.4335e-04	1.9302e-04	4.7435e-04	-6.6036		-2.0611
281.0	1.8944e-04	8.8585e-04	8.9282e-04	2.1782e-03	6.5383e-04	2.1700e-04	4.6728e-04	-6.4929		-1.8366
311.0	1.8599e-04	9.3690e-04	7.6946e-04	2.3058e-03	6.7986e-04	1.7017e-04	4.5059e-04	-6.2795		-2.8488
341.0	1.1982e-04	9.4804e-04	8.7817e-04	2.1046e-03	6.8539e-04	2.0870e-04	4.4525e-04	-6.0203		-1.6654
371.0	1.7354e-04	9.0248e-04	8.3448e-04	2.2533e-03	6.8780e-04	2.7400e-04	4.3999e-04	-7.0691		-1.1569
401.0	1.4239e-04	9.3465e-04	8.1975e-04	2.2164e-03	6.9766e-04	1.8631e-04	4.3524e-04	-7.3476		-2.1788
431.0	1.9392e-04	9.4841e-04	8.2036e-04	2.2286e-03	6.9301e-04	2.3388e-04	4.2697e-04	-7.2498		-1.2668
461.0	1.5066e-04	1.0087e-03	7.4544e-04	2.2216e-03	5.0707e-04	2.2464e-04	4.1824e-04	-6.5185		-1.4541
491.0	1.7374e-04	9.3491e-04	7.9269e-04	2.2090e-03	6.3874e-04	2.2109e-04	4.1470e-04	-5.6485		-1.4258
521.0	1.2349e-04	8.1825e-04	7.1714e-04	2.0793e-03	6.2839e-04	2.1016e-04	4.0856e-04	-5.6545		-2.757
551.0	1.8070e-04	8.5667e-04	7.9977e-04	2.1565e-03	6.8985e-04	2.2425e-04	4.0627e-04	-6.8917		-3.6886
581.0	1.4622e-04	9.0449e-04	7.7737e-04	2.1255e-03	7.1438e-04	2.3517e-04	4.0171e-04	-6.2913		-0.85721
611.0	1.5978e-04	1.0045e-03	8.3174e-04	2.1390e-03	6.9255e-04	1.9445e-04	3.9855e-04	-6.0411		-2.9623
641.0	1.7708e-04	9.5689e-04	7.8296e-04	2.1393e-03	7.5539e-04	2.4987e-04	3.9678e-04	-7.3101		-2.5549
671.0	1.3829e-04	7.7341e-04	8.2799e-04	2.0181e-03	7.1070e-04	2.1866e-04	3.8804e-04	-6.9722		-3.6015
701.0	1.4901e-04	9.5160e-04	7.5349e-04	2.1081e-03	7.4492e-04	1.6514e-04	3.8431e-04	-7.8725		-1.8397
731.0	1.4074e-04	9.7584e-04	9.1440e-04	2.1426e-03	6.6331e-04	2.2224e-04	3.8094e-04	-5.7365		-4.4293
761.0	1.7055e-04	8.6613e-04	8.2838e-04	2.2350e-03	6.5392e-04	1.5434e-04	3.7957e-04	-6.8606		-2.4907
791.0	1.3395e-04	8.8165e-04	6.8616e-04	2.1516e-03	7.0169e-04	1.6341e-04	3.7675e-04	-8.5944		-3.8501
821.0	1.2275e-04	9.0560e-04	6.3979e-04	2.1792e-03	6.3944e-04	2.4115e-04	3.7329e-04	-6.1236		-5.2395
851.0	1.2767e-04	8.9532e-04	8.3846e-04	2.0794e-03	6.2831e-04	2.4392e-04	3.7121e-04	-5.6818		-4.2211
881.0	1.2219e-04	9.6249e-04	8.5413e-04	2.1498e-03	6.7262e-04	1.7846e-04	3.6790e-04	-7.2248		-4.301
911.0	1.4478e-04	1.0126e-03	7.8541e-04	1.9153e-03	6.5746e-04	2.1767e-04	3.6374e-04	-7.6668		-3.9436
941.0	1.4593e-04	9.2906e-04	8.0466e-04	2.2086e-03	7.2003e-04	2.2764e-04	3.6426e-04	-7.4994		-2.7322
971.0	1.1708e-04	8.8307e-04	7.4923e-04	2.0825e-03	6.9757e-04	1.7639e-04	3.6036e-04	-8.1488		-2.9048
1001.0	1.2613e-04	8.6089e-04	8.4918e-04	2.1868e-03	6.8481e-04	2.2739e-04	3.6235e-04	-6.8713		-4.7465
1031.0	1.3947e-04	9.0898e-04	8.3447e-04	2.1610e-03	6.8994e-04	2.4758e-04	3.5801e-04	-7.1918		-3.6857
1061.0	1.0950e-04	8.8486e-04	7.9910e-04	2.1454e-03	6.6223e-04	2.2471e-04	3.5441e-04	-7.2901		-3.5518
1091.0	1.6085e-04	9.6332e-04	7.3188e-04	2.0925e-03	6.5121e-04	1.9972e-04	3.4895e-04	-6.0486		-3.8761
1121.0	1.4345e-04	8.9350e-04	8.1945e-04	2.1611e-03	6.8893e-04	2.2835e-04	3.5234e-04	-7.9765		-4.9446
1151.0	1.5894e-04	9.0199e-04	8.6907e-04	1.9793e-03	6.6710e-04	2.3242e-04	3.4740e-04	-6.799		-2.2614
1181.0	1.9183e-04	9.3538e-04	8.5279e-04	2.1823e-03	6.5729e-04	1.8777e-04	3.4725e-04	-8.2501		-1.5839
1211.0	1.2413e-04	8.8656e-04	6.3667e-04	2.2714e-03	6.6219e-04	2.0487e-04	3.4616e-04	-6.9497		-3.31
1241.0	1.5807e-04	8.8788e-04	7.6128e-04	1.9861e-03	6.3637e-04	2.7974e-04	3.4559e-04	-6.2447		-4.3353
1271.0	1.5899e-04	8.5552e-04	9.1670e-04	2.2188e-03	5.6692e-04	1.9163e-04	3.4460e-04	-7.187		-2.3224
1301.0	1.5890e-04	9.1593e-04	7.6085e-04	1.9887e-03	6.7286e-04	2.1322e-04	3.4103e-04	-4.6347		-4.3888
1331.0	1.4383e-04	9.5239e-04	8.7640e-04	2.0154e-03	6.5845e-04	2.2640e-04	3.3770e-04	-7.4005		-4.0368
1361.0	1.4355e-04	9.8415e-04	8.8623e-04	2.1602e-03	6.8190e-04	1.9102e-04	3.3864e-04	-6.1195		-3.7951
1391.0	1.5517e-04	9.8176e-04	6.9962e-04	2.1494e-03	7.0097e-04	2.1119e-04	3.4063e-04	-6.0664		-5.533
1421.0	1.3595e-04	9.4063e-04	7.6411e-04	2.0806e-03	6.2432e-04	2.2848e-04	3.3612e-04	-6.4063		-2.2525
1451.0	1.4819e-04	8.7907e-04	8.2252e-04	2.2156e-03	6.3889e-04	2.2696e-04	3.3370e-04	-4.886		-4.4979
1481.0	1.6809e-04	9.1015e-04	8.8289e-04	2.0292e-03	7.1786e-04	2.6796e-04	3.2924e-04	-8.0766		-3.8284
